=== Loading TSP file... ===
Name :  NAME : a280
Comment :  COMMENT : drilling problem (Ludwig)
Type :  TYPE : TSP
Number of cities :  DIMENSION: 280
Distance type :  EDGE_WEIGHT_TYPE : EUC_2D
=== Logarithmic cooling schedule 1 ===
  Simulation n.    Distance terminal
---------------  -------------------
              0              26007.4
              1              25307.9
              2              26967.8
              3              26197.8
              4              26593.1
              5              26117.3
              6              27098.1
              7              26113.3
              8              25571.9
              9              26713.6
             10              26287.6
             11              26082.8
             12              26966.1
             13              25422.3
             14              25533.3
             15              27122.3
             16              27260.1
             17              25556.2
             18              27005.9
             19              25833.1
             20              25788.1
             21              27300.7
             22              27356.4
             23              25541.3
             24              27403.4
             25              26727.4
             26              25449.3
             27              26973.8
             28              25644.5
             29              26315.7
  Mean minimum path    Sample variance  95pc confidence interval
-------------------  -----------------  -----------------------------------------------------------
              26342             470536  (26341.96046288906, 26085.820106662984, 26598.100819115134)
Sample mean - acceptance rate
------------------------------------------------------------------
[0.92641723 0.88101289 0.87113863 0.85088526 0.82264878 0.81725573
 0.807929   0.81156657 0.7747729  0.77850919 0.77549272 0.74179592
 0.75885045 0.73711526 0.73929147 0.74248675 0.73219341 0.73448306
 0.72120613 0.71262543 0.69490583 0.70380302 0.70005345 0.70420321
 0.70190372 0.69720013 0.69996825 0.69042635 0.66138318 0.67345317
 0.67887566 0.67056058 0.68018454 0.66886087 0.66595499 0.66801492
 0.6622378  0.66709477 0.64597585 0.64694334 0.64238779 0.64984817
 0.64147255 0.64939208 0.6493782  0.62623612 0.65318163 0.63454969
 0.64753243 0.65508363 0.63026011 0.64228651 0.62282412 0.61511119
 0.63074217 0.63219691 0.62137325 0.61372251 0.61931656 0.61420483
 0.61349001 0.62370113 0.61217441 0.59525465 0.62147197 0.5975613
 0.60390518 0.61785725 0.59333207 0.59811512 0.60818382 0.59512722
 0.60553951 0.59207796 0.5982493  0.59888853 0.59426734 0.6041303
 0.58537286 0.60721041 0.59030317 0.58089253 0.57705214 0.57797009
 0.58645007 0.58397514 0.5775642  0.58026527 0.58250196 0.5815366
 0.58637635 0.58662924 0.58401789 0.59894406 0.58052275 0.57277195
 0.5700372  0.57655701 0.57003911 0.56798566 0.56721139 0.55517412
 0.56513659 0.5586785  0.56784038 0.54497995 0.57812881 0.58075983
 0.55910807 0.561007   0.5798118  0.56690585 0.56293051 0.55675638
 0.5592495  0.56631974 0.5522058  0.55344435 0.55018942 0.57396654
 0.57452283 0.55743834 0.55246665 0.55030881 0.55283866 0.55653748
 0.5600411  0.55449048 0.54864943 0.5575864  0.54959054 0.54719039
 0.5449079  0.54655826 0.56196933 0.56714767 0.55260919 0.55282105
 0.54214446 0.54152484 0.53909127 0.52925401 0.5406109  0.54490906
 0.55765724 0.54772881 0.54519699 0.53790397 0.54181074 0.53829617
 0.54246009 0.54091066 0.53933198 0.54035277 0.53599824 0.5306656
 0.52940866 0.53866831 0.53921602 0.53109525 0.53322567 0.54616516
 0.51949404 0.55416437 0.55498103 0.54067392 0.52844687 0.53701458
 0.53428247 0.52563905 0.53330049 0.53503421 0.52394227 0.51802987
 0.51468817 0.5208157  0.53306918 0.52648052 0.52682318 0.51212895
 0.51503582 0.51252431 0.50792636 0.51617184 0.53394885 0.5156039
 0.524075   0.51590118 0.52713774 0.51752541 0.50583917 0.51082755
 0.515897   0.51731861 0.52951014 0.51337033 0.51985151 0.50977676
 0.52431302 0.52088855 0.50825552 0.5174725  0.51739206 0.52937616
 0.53224254 0.51166647 0.52776937 0.51553272 0.52189143 0.52187014
 0.50298174 0.49760722 0.50280055 0.50880421 0.49839939 0.50730733
 0.5166466  0.49888126 0.51160576 0.49788614 0.51447213 0.50574501
 0.49242346 0.51834987 0.51070686 0.50065238 0.49950171 0.51280106
 0.50101225 0.49749774 0.50043674 0.50943975 0.50127902 0.50867696
 0.50923087 0.50953131 0.50794101 0.49725286 0.48579301 0.48586832
 0.49888558 0.51861413 0.50744801 0.51017407 0.48990146 0.50129906
 0.51061264 0.49128191 0.49080646 0.48983153 0.51088957 0.51161936
 0.50909358 0.48899668 0.51097294 0.49736184 0.48868604 0.49134509
 0.51275388 0.50023912 0.50182389 0.49832654 0.49423318 0.49895783
 0.50297201 0.49409156 0.49309492 0.49213276 0.49776549 0.48789648
 0.50480324 0.49899385 0.49085694 0.48124206 0.48950133 0.49877648
 0.50107946 0.50102556 0.48190135 0.49895763 0.48586746 0.49934752
 0.47822593 0.48958505 0.48663061 0.47959451 0.50195077 0.48793498
 0.46948557 0.48110892 0.48642163 0.48955344 0.48219313 0.48105795
 0.48823443 0.47619537 0.48396285 0.49529803 0.4867525  0.48454533
 0.48887201 0.47967492 0.48297065 0.49116987 0.4893666  0.47983232
 0.46655902 0.49280919 0.47462734 0.48363328 0.48114228 0.48320491
 0.49863001 0.49211474 0.49775205 0.47683143 0.48925116 0.48315382
 0.48467772 0.47360251 0.48936361 0.48791924 0.48822994 0.4798215
 0.47996525 0.48285688 0.47606718 0.47995822 0.47521765 0.47552247
 0.47232291 0.47584442 0.47379706 0.48110341 0.47110225 0.47630082
 0.4757923  0.47841365 0.47775357 0.4817497  0.47976986 0.46402914
 0.45623234 0.46321744 0.47021605 0.48651381 0.47382041 0.48492792
 0.47656781 0.46699997 0.45661313 0.47113759 0.48329652 0.47356648
 0.48373922 0.47314058 0.47075805 0.47530201 0.48494468 0.47769985
 0.47479046 0.48112542 0.45609218 0.46747082 0.46972005 0.47428977
 0.46011085 0.45142385 0.46981734 0.47167026 0.47152024 0.47433962
 0.46877435 0.46320021 0.46444606 0.45613287 0.45562969 0.46602998
 0.46169015 0.45775671 0.45247735 0.46256758 0.45935327 0.4642819
 0.45341341 0.45857712 0.45428849 0.454149   0.45899419 0.46736434
 0.45031051 0.47521981 0.46787324 0.45873386 0.45799358 0.46284319
 0.45621414 0.45662525 0.45185896 0.45846544]

Process finished with exit code 0

