=== Loading TSP file... ===
Name :  NAME : a280
Comment :  COMMENT : drilling problem (Ludwig)
Type :  TYPE : TSP
Number of cities :  DIMENSION: 280
Distance type :  EDGE_WEIGHT_TYPE : EUC_2D
=== Cooling schedule 1 ===
  Simulation n.    Distance terminal
---------------  -------------------
              0              3667.38
              1              3735.93
              2              3768.07
              3              3802.5
              4              3679.41
              5              3763.95
              6              3525.27
              7              3762.99
              8              3703.69
              9              3756.08
             10              3543.29
             11              3694.36
             12              3676.93
             13              3689.76
             14              3752.63
             15              3623.24
             16              3777.43
             17              3624.96
             18              3570.76
             19              3641.13
             20              3892.15
             21              3790.27
             22              3665.47
             23              3695.02
             24              3623.16
             25              3601.35
             26              3804.44
             27              3678.55
             28              3737.78
             29              3735.82
  Mean minimum path    Sample variance  95pc confidence interval
-------------------  -----------------  ------------------------------------------------------------
            3699.46            6942.92  (3699.4587205015314, 3668.3449556830155, 3730.5724853200472)
Sample mean - acceptance rate
------------------------------------------------------------------
[0.52660297 0.43957368 0.40476329 0.37171338 0.35205074 0.33913466
 0.32140211 0.30835884 0.30259103 0.28820315 0.26669436 0.26667287
 0.239686   0.23045147 0.2231403  0.19886944 0.19347025 0.17886576
 0.17761927 0.17273106 0.15053137 0.1429357  0.13014196 0.12988056
 0.12356252 0.11276828 0.10752396 0.09906121 0.09162788 0.09222661
 0.08103996 0.07630764 0.07614446 0.06424504 0.06284378 0.06560786
 0.0541859  0.05304207 0.05110642 0.0538889  0.04602395 0.04417173
 0.04034487 0.04030364 0.039075   0.03734241 0.03533618 0.0337863
 0.03234614 0.03330141 0.02852641 0.02702905 0.02518141 0.02470882
 0.0261442  0.02745816 0.02468206 0.02225702 0.02593375 0.02380254
 0.02190265 0.02322208 0.01967927 0.02029335 0.02114546 0.02040744
 0.01760727 0.02051408 0.01659686 0.01863739 0.01997154 0.01710806
 0.01765995 0.01725512 0.01890026 0.01429499 0.01727372 0.01619072
 0.01650642 0.0173392  0.01448206 0.01329243 0.01446975 0.01390881
 0.01514124 0.01405499 0.0135085  0.01570409 0.01369229 0.01395877
 0.01148159 0.01294107 0.01361822 0.01213867 0.01231889 0.01620186
 0.01238491 0.01405391 0.01242296 0.01309492 0.01121263 0.01375633
 0.01376735 0.01334517 0.01147547 0.01335364 0.01266059 0.01385704
 0.01307613 0.01411337 0.0130712  0.00997934 0.01292976 0.01302014
 0.01102895 0.01195948 0.01450639 0.00981271 0.01374115 0.01198007
 0.01249498 0.01157838 0.01291547 0.01252213 0.01180837 0.01130774
 0.00995298 0.01169713 0.01020498 0.0142528  0.0120928  0.01129817
 0.01008525 0.00979981 0.01114267 0.01328184 0.01357769 0.00991783
 0.01198114 0.0138262  0.01036218 0.01557063 0.01233565 0.01209877
 0.01232326 0.01279067 0.01235288 0.00883925 0.01140706 0.01233723
 0.01180819 0.00912818 0.01300773 0.01142503 0.01194654 0.0127373
 0.01235453 0.01299189 0.00952154 0.01005002 0.01167934 0.00925829
 0.01232534 0.01127587 0.01086081 0.00992801 0.01084948 0.01141357
 0.01260327 0.01057094 0.01233334 0.01045966 0.01085705 0.01004404
 0.01083975 0.01031932 0.00965542 0.01206295 0.01164145 0.01232157
 0.0112564  0.01045003 0.01111079 0.01218927 0.0097823  0.0097813
 0.01167063 0.00912477 0.01257958 0.01138116 0.01125428 0.00950481
 0.01111898 0.01258118 0.01123982 0.0092414  0.01271496 0.01287262
 0.01109732 0.00936559 0.00976613 0.01059157 0.01085157 0.00977095
 0.01150159 0.01070209 0.00977097 0.00964032 0.01150694 0.01244623
 0.01191934 0.01070636 0.01042415 0.0095027  0.00963443 0.00883171
 0.01351133 0.01176608 0.00949888 0.01125482 0.00909403 0.0105645
 0.01136392 0.01043492 0.01177579 0.01216604 0.01243271 0.0112338
 0.01110708 0.01136557 0.0107054  0.01030427 0.01284512 0.01056554
 0.01043273 0.01056554 0.01256926 0.01003765 0.0125925  0.01084188
 0.01015911 0.01203486 0.00962414 0.01043438 0.00909888 0.01070589
 0.01083811 0.011365   0.01190695 0.01269887 0.01043167 0.01258006
 0.01189457 0.01458477 0.01270595 0.00990054 0.01056232 0.00934834
 0.01123541 0.01029889 0.01296443 0.01096502 0.01043218 0.01203542
 0.01041985 0.01176981 0.01150207 0.01163487 0.01310483 0.01122145
 0.01218286 0.01162846 0.00882473 0.01148007 0.0104161  0.01015583
 0.00908704 0.00962093 0.01147685 0.01070319 0.01243812 0.01257253
 0.01336442 0.01122305 0.0101489  0.00975749 0.01016236 0.01150102
 0.01202196 0.00922578 0.01015908 0.01094995 0.01082521 0.01096345
 0.00881666 0.0122924  0.01082519 0.01043275 0.01016614 0.01028707
 0.01188708 0.01110374 0.01216341 0.01162144 0.01268488 0.01014565
 0.01081394 0.01243005 0.01134836 0.01095315 0.01096231 0.00976891
 0.01216986 0.01176124 0.01443646 0.01216236 0.01122198 0.0098865
 0.01189668 0.01000966 0.0094919  0.00974565 0.0106747  0.0110881
 0.00948167 0.0125596  0.01323433 0.01321769 0.01041448 0.01015642
 0.01215209 0.01029189 0.01081501 0.01149294 0.01162686 0.01082416
 0.01162464 0.0090865  0.01135851 0.01001178 0.0106903  0.01175318
 0.01202091 0.0082822  0.00880751 0.01094726 0.00975156 0.01148386
 0.01135479 0.0105569  0.01095533 0.01108594 0.01604402 0.01162039
 0.01175049 0.01495859 0.01161771 0.01121875 0.01242304 0.00987685
 0.01014996 0.01028434 0.01094458 0.00921235 0.01014298 0.01082092
 0.01067791 0.01189401 0.0108102  0.01001662 0.00988112 0.01028651
 0.01042306 0.01081287 0.01176016 0.00907472 0.01082848 0.01121715
 0.01095209 0.00801395 0.01162254 0.01081448 0.01041125 0.01081449
 0.01134458 0.0104091  0.0114817  0.00908328 0.01095264 0.01014941
 0.01001232 0.00907202 0.01041505 0.01122095 0.01161823 0.01069347
 0.00948382 0.01067898 0.01108705 0.00960589]
=== Cooling schedule 2 ===
  Simulation n.    Distance terminal
---------------  -------------------
              0              3638.32
              1              3566.08
              2              3675.02
              3              3647.12
              4              3819.1
              5              3491.3
              6              3594.96
              7              3679.58
              8              3617.99
              9              3537.74
             10              3661.29
             11              3609.57
             12              3655.86
             13              3597.47
             14              3681.62
             15              3615.51
             16              3581.3
             17              3667.33
             18              3525.64
             19              3612.39
             20              3483
             21              3601.5
             22              3608
             23              3761.54
             24              3759.06
             25              3740.71
             26              3720.41
             27              3675.24
             28              3590.75
             29              3666.13
  Mean minimum path    Sample variance  95pc confidence interval
-------------------  -----------------  --------------------------------------------------------
            3636.05            6064.35  (3636.050600232169, 3606.971991021568, 3665.12920944277)
Sample mean - acceptance rate
------------------------------------------------------------------
[0.52563955 0.43504981 0.38860257 0.34636879 0.31479293 0.28839023
 0.25273616 0.22818162 0.20609546 0.18277003 0.16853331 0.14766724
 0.13665308 0.13190997 0.10764363 0.10021297 0.09798708 0.08569617
 0.07074571 0.0643513  0.06007436 0.05462221 0.04732309 0.04652698
 0.0420856  0.03913867 0.03937447 0.03304724 0.03419745 0.02880861
 0.03035347 0.02570483 0.02621654 0.02405612 0.02300856 0.02228227
 0.01925682 0.02116113 0.0166157  0.01783192 0.01549751 0.01604278
 0.01737303 0.01598908 0.01472368 0.01760422 0.01691171 0.01529044
 0.01502027 0.01321883 0.01361762 0.01415011 0.01428843 0.01269542
 0.0110022  0.01090734 0.01489905 0.0123338  0.01153535 0.01327559
 0.01297872 0.01138648 0.01286897 0.01192985 0.01245578 0.01229153
 0.01084517 0.01177821 0.01459791 0.01122908 0.0106746  0.01254349
 0.01269592 0.01076607 0.01121541 0.01082541 0.01052322 0.01280872
 0.01104457 0.01078938 0.01230311 0.01090436 0.0102186  0.0080686
 0.01117713 0.01050162 0.0111658  0.01049665 0.01198447 0.00956009
 0.01037854 0.0104815  0.0107535  0.01103107 0.01423966 0.00955379
 0.00900196 0.00914273 0.01077645 0.01247762 0.01168947 0.0120878
 0.01113292 0.01102935 0.00954019 0.01303186 0.01115134 0.01167764
 0.01129239 0.01127813 0.01195178 0.01397261 0.01154382 0.00915477
 0.01209159 0.01062126 0.01142617 0.0088452  0.01020282 0.01074326
 0.01233557 0.01072691 0.01073611 0.01073283 0.00991887 0.00979595
 0.0130162  0.00978719 0.00926139 0.01073825 0.01140345 0.01194858
 0.01154309 0.00979206 0.01299622 0.01153179 0.01341044 0.00939657
 0.01367744 0.01234385 0.01031126 0.0114099  0.01046526 0.01180336
 0.01045    0.00951292 0.01073077 0.01114161 0.01153176 0.01043651
 0.00979152 0.01219789 0.01179414 0.01058819 0.01369732 0.00978119
 0.01100341 0.01031887 0.01097897 0.00924679 0.01109777 0.01165594
 0.01179478 0.01071671 0.00977366 0.01056449 0.01286401 0.01244569
 0.01071616 0.01016992 0.01029725 0.01072693 0.00910917 0.01033511
 0.01178282 0.00976881 0.00976873 0.01003814 0.01083814 0.01283379
 0.01043818 0.00855857 0.01165448 0.01122902 0.01163548 0.01191397
 0.01043973 0.01097422 0.01259357 0.0139085  0.00951504 0.01204033
 0.00763654 0.01112208 0.01109459 0.01016233 0.0093656  0.00911082
 0.00935963 0.01163064 0.0116451  0.01163757 0.01203165 0.01310207
 0.01043865 0.01123275 0.0116414  0.01230373 0.00936285 0.01164247
 0.00976778 0.01164347 0.0097596  0.01109514 0.01456872 0.01163663
 0.01096451 0.01215748 0.011093   0.01057098 0.00910852 0.01164296
 0.01056177 0.01203274 0.00989674 0.01217043 0.0123016  0.01056823
 0.00989729 0.01202737 0.01096226 0.01029408 0.01043165 0.00923706
 0.01002574 0.01029351 0.01070103 0.0102989  0.01229777 0.01042255
 0.01403218 0.01123597 0.01136072 0.01216343 0.01135854 0.00975692
 0.01202626 0.01055906 0.01109778 0.01217089 0.01216553 0.01283926
 0.01069519 0.00975534 0.00988385 0.01163492 0.01202253 0.01241717
 0.01095803 0.01244295 0.00975429 0.01310801 0.01083925 0.01030264
 0.01176771 0.01095319 0.00935908 0.01215588 0.01443435 0.01081989
 0.01190152 0.01082414 0.00989353 0.01082626 0.00921557 0.01028812
 0.01094996 0.01309943 0.01162414 0.00989188 0.01056772 0.01242575
 0.01122414 0.01002903 0.01095478 0.01017201 0.00896347 0.01136614
 0.01175691 0.0119076  0.0101564  0.01055316 0.00988384 0.0110822
 0.01029887 0.01028437 0.01308277 0.01242795 0.01391991 0.00856181
 0.01148328 0.01042363 0.01095588 0.0106849  0.01283378 0.00987846
 0.01055743 0.01161882 0.01296227 0.0120263  0.01095745 0.01215637
 0.01202306 0.00988811 0.01243058 0.01174834 0.01176283 0.01028865
 0.01281935 0.01095534 0.01242577 0.0084161  0.01175047 0.01201717
 0.0112236  0.0117623  0.01081455 0.0109532  0.01069028 0.01135423
 0.01028867 0.00962145 0.01068006 0.01108651 0.01416123 0.01108435
 0.01136177 0.01175101 0.01162464 0.0116279  0.01014782 0.0106747
 0.01188653 0.00840536 0.01255746 0.01188651 0.01201932 0.00988331
 0.01027738 0.01121339 0.01255318 0.01188112 0.01187899 0.0105419
 0.01107899 0.00935477 0.01255478 0.01241932 0.01307792 0.01121668
 0.01267902 0.01134298 0.01054138 0.01174999 0.0121612  0.0106924
 0.01094567 0.01014511 0.01255584 0.01081071 0.01121178 0.01281822
 0.01067631 0.01174995 0.01228061 0.01067577 0.01442305 0.01188492
 0.01348758 0.01241447 0.00868059 0.00748277 0.01255103 0.01294405
 0.01081178 0.00961607 0.01428977 0.01148221 0.01094779 0.01188491
 0.01094244 0.01175213 0.01055427 0.01388864 0.01068541 0.01135801
 0.01134459 0.01135156 0.01027738 0.01107631]
=== Cooling schedule 3 ===
  Simulation n.    Distance terminal
---------------  -------------------
              0              3675.88
              1              3575.8
              2              3727.83
              3              3620
              4              3696.45
              5              3717.63
              6              3471.12
              7              3691.1
              8              3599.38
              9              3738.38
             10              3804.72
             11              3681.97
             12              3706.87
             13              3570.2
             14              3457.64
             15              3578.43
             16              3722.24
             17              3633.24
             18              3716.81
             19              3646
             20              3665.48
             21              3736.04
             22              3565.83
             23              3440.18
             24              3570.07
             25              3657.26
             26              3580.18
             27              3705.37
             28              3598.43
             29              3651.9
  Mean minimum path    Sample variance  95pc confidence interval
-------------------  -----------------  -----------------------------------------------------------
            3640.08            7704.65  (3640.0812572702407, 3607.305118692395, 3672.8573958480865)
Sample mean - acceptance rate
------------------------------------------------------------------
[0.49664326 0.40328274 0.31531682 0.27660323 0.21073839 0.18692236
 0.16083746 0.125804   0.09732867 0.08343206 0.07652424 0.06216022
 0.05371416 0.04584821 0.03957735 0.0379813  0.03034563 0.02579865
 0.02286525 0.02378827 0.02136766 0.02191943 0.01821484 0.01940399
 0.01318755 0.01606705 0.01485107 0.01901398 0.01569322 0.01330718
 0.01660969 0.01154535 0.01327137 0.01354812 0.01417617 0.01313858
 0.01203    0.01228273 0.01090829 0.01063806 0.01283012 0.0103371
 0.01371336 0.01099859 0.01157395 0.01477867 0.01142954 0.01136566
 0.01098362 0.01055802 0.01027212 0.01193711 0.01340415 0.01067954
 0.01192861 0.01080888 0.01098439 0.01028136 0.01381866 0.01149778
 0.01135183 0.01030078 0.01284693 0.01121873 0.01093226 0.01106668
 0.01257652 0.00863738 0.01011113 0.00875656 0.0090319  0.01186388
 0.01078618 0.01413039 0.01261256 0.01052949 0.01172394 0.01306034
 0.01183587 0.01050128 0.01372644 0.01130521 0.01093184 0.00982343
 0.01332648 0.01293686 0.00997166 0.01131042 0.01008594 0.01114761
 0.01199162 0.00993787 0.01250312 0.01182175 0.01076169 0.00940338
 0.00953996 0.01060238 0.01223266 0.01128696 0.00914377 0.01383165
 0.01169017 0.01073444 0.01382113 0.01274901 0.01233396 0.00914602
 0.01166993 0.0115852  0.00927108 0.00926249 0.01017681 0.01086571
 0.01100706 0.0101942  0.012735   0.01087707 0.00952098 0.01233075
 0.01070326 0.01047337 0.01087214 0.0111261  0.01193825 0.01275505
 0.00980067 0.01059191 0.0102066  0.01098488 0.01340273 0.01111829
 0.01233445 0.01031023 0.01045491 0.01125815 0.01046576 0.01166025
 0.01289168 0.01032271 0.01018508 0.0123297  0.01326831 0.0108816
 0.01272531 0.00950754 0.01058988 0.01166459 0.01137415 0.00898237
 0.01379904 0.01245422 0.01205217 0.01057637 0.01059256 0.01126413
 0.01203063 0.00990921 0.01218117 0.01178711 0.00965552 0.01136997
 0.0105559  0.01179248 0.010564   0.01230857 0.00990538 0.01124028
 0.01030749 0.01044568 0.01205053 0.01136019 0.01083007 0.01179193
 0.01096932 0.01367537 0.00897637 0.01176663 0.01044671 0.00897056
 0.00990004 0.01098445 0.0112333  0.01110479 0.0101586  0.00990806
 0.00938604 0.0116333  0.01072962 0.0104349  0.01270423 0.01096823
 0.01042792 0.00949401 0.00963062 0.01257197 0.01271878 0.01216129
 0.01163761 0.01203275 0.01069942 0.01232094 0.01043119 0.01269727
 0.01109885 0.01057579 0.01271932 0.01258405 0.0078892  0.01058349
 0.01070538 0.01137415 0.01055212 0.01283927 0.00909677 0.01069828
 0.01057476 0.01016126 0.01391179 0.01095586 0.00949835 0.011508
 0.01084088 0.0106914  0.01002474 0.01083329 0.01309671 0.01084996
 0.01216763 0.01082198 0.01295802 0.01161554 0.0094989  0.01123601
 0.01096396 0.01121985 0.01016447 0.00962576 0.01123921 0.01203598
 0.01069136 0.01110805 0.01149403 0.01109189 0.01069569 0.01042897
 0.01135693 0.0125666  0.01014835 0.01068814 0.01014675 0.0110838
 0.01070266 0.00936123 0.01255264 0.01055752 0.0122924  0.01256826
 0.01323435 0.00881985 0.0104236  0.0093521  0.010708   0.0100177
 0.01175851 0.00842253 0.01335749 0.0098893  0.01414993 0.01122038
 0.00961716 0.01189778 0.01041984 0.01055478 0.01094673 0.01175315
 0.00935585 0.0098849  0.01322631 0.0121709  0.0118865  0.01095424
 0.0109775  0.01095103 0.0113607  0.01162309 0.01002313 0.01002307
 0.01108061 0.01095532 0.00962204 0.00974834 0.0106919  0.01096449
 0.01001768 0.01229244 0.00934619 0.01309506 0.01161608 0.01256391
 0.01162691 0.01135318 0.01107631 0.01056772 0.0112204  0.01229295
 0.00909078 0.0110849  0.01095639 0.00828167 0.01149298 0.01135049
 0.01014943 0.0104312  0.01068273 0.01067471 0.00907738 0.01067738
 0.01109566 0.00868114 0.01042686 0.01042415 0.01002199 0.01002036
 0.00894299 0.01134887 0.01309351 0.01162794 0.01027416 0.01188005
 0.01148662 0.01001394 0.01001874 0.01163111 0.00922793 0.0126838
 0.01201396 0.01041983 0.01068435 0.01108274 0.01201501 0.01202679
 0.0126881  0.01135908 0.00975426 0.01148384 0.01095155 0.01201822
 0.01268221 0.01095638 0.00988328 0.01281287 0.01454834 0.00974726
 0.01027577 0.01096769 0.01188755 0.01242308 0.01001125 0.01136497
 0.01227898 0.01348863 0.01068706 0.00947577 0.01014246 0.01215913
 0.00867363 0.01041714 0.00947845 0.01134942 0.01174886 0.0144284
 0.01094565 0.01202208 0.0113553  0.00895379 0.01001178 0.01134407
 0.01053708 0.01067898 0.01134784 0.01014782 0.0085446  0.00987416
 0.01027687 0.01187954 0.00867095 0.01148222 0.01054674 0.01081178
 0.01187845 0.01027792 0.01094998 0.01055261 0.01135047 0.01000643
 0.00935159 0.01134942 0.01160858 0.01214244]
=== Cooling schedule 4 ===
  Simulation n.    Distance terminal
---------------  -------------------
              0              3587.99
              1              3725.04
              2              3596.92
              3              3620.78
              4              3643.11
              5              3672.08
              6              3568.9
              7              3728.11
              8              3753.81
              9              3543.34
             10              3542.33
             11              3745.29
             12              3598.66
             13              3491.52
             14              3735.38
             15              3696.2
             16              3624
             17              3605.93
             18              3658.38
             19              3630.57
             20              3573.31
             21              3699.76
             22              3713.86
             23              3773.4
             24              3486.28
             25              3640.81
             26              3762.61
             27              3744.96
             28              3684.42
             29              3635.92
  Mean minimum path    Sample variance  95pc confidence interval
-------------------  -----------------  ----------------------------------------------------------
            3649.46            6450.11  (3649.455627125479, 3619.466409931893, 3679.4448443190654)
Sample mean - acceptance rate
------------------------------------------------------------------
[0.45496817 0.30624299 0.19571064 0.12654893 0.08175063 0.05647933
 0.04111606 0.0277102  0.02324697 0.02233813 0.02116852 0.01509182
 0.01379708 0.01449215 0.01320644 0.01330097 0.0122447  0.01408369
 0.01123421 0.01118157 0.0090801  0.01019297 0.01103271 0.01352263
 0.01157654 0.01277357 0.0109875  0.01134556 0.01067629 0.00980868
 0.01216251 0.01054412 0.01176109 0.01259157 0.012379   0.01074751
 0.00993593 0.01102632 0.01195856 0.01159766 0.01250817 0.0112676
 0.01154906 0.01180303 0.01015875 0.01072867 0.01018919 0.01217241
 0.01097325 0.01216939 0.01259979 0.00986    0.00827741 0.01433017
 0.01070041 0.01067104 0.01296019 0.0110701  0.01281909 0.00958044
 0.00945713 0.00986796 0.00986034 0.00877084 0.01483584 0.0098757
 0.01201424 0.01186224 0.01121963 0.01173591 0.01266596 0.01024755
 0.01049197 0.00969933 0.013468   0.01398425 0.01389082 0.01074712
 0.01279684 0.0139836  0.01063107 0.01115578 0.0119501  0.01154375
 0.01036023 0.01466563 0.01062351 0.01276603 0.0071348  0.01113665
 0.01034275 0.00994598 0.01262616 0.01194692 0.01035198 0.00874602
 0.01275019 0.01032532 0.01154746 0.01167007 0.00993939 0.01020894
 0.0102332  0.0106099  0.01209116 0.01384513 0.01072316 0.01087731
 0.00967229 0.00979573 0.01113091 0.00885656 0.01151618 0.01073296
 0.01167157 0.01127615 0.01084733 0.01261696 0.00979429 0.01152813
 0.01114864 0.01019473 0.00966464 0.01087429 0.01113993 0.0124721
 0.01006366 0.01180992 0.01072102 0.01046845 0.01058985 0.01209106
 0.01058549 0.01125426 0.01084834 0.01018335 0.01260227 0.01071243
 0.00858017 0.01072261 0.01139578 0.01101083 0.00911183 0.01085046
 0.01139646 0.01058508 0.01056445 0.01031562 0.01257963 0.00803227
 0.00991178 0.01271832 0.01245098 0.01218277 0.01154827 0.0100473
 0.01258221 0.01138063 0.01044843 0.01086346 0.01208472 0.01244452
 0.0088371  0.01177955 0.01204569 0.01112364 0.0120495  0.01137957
 0.01219031 0.00855319 0.01058386 0.01123924 0.00911502 0.01204091
 0.0109759  0.01084026 0.00992097 0.01417738 0.0101725  0.01084847
 0.00989455 0.01029295 0.01337468 0.01324137 0.01042359 0.01135422
 0.01099357 0.01110808 0.01164247 0.01056183 0.0107021  0.01124628
 0.01217197 0.00936663 0.00989669 0.01015803 0.0107118  0.01096775
 0.0116457  0.00989949 0.0101768  0.00962955 0.01016776 0.01204025
 0.01283654 0.01149782 0.0117704  0.01189617 0.01215959 0.01270805
 0.01175534 0.01391236 0.01082469 0.0120295  0.01096069 0.01136501
 0.01056338 0.01176285 0.01229082 0.01202896 0.01149078 0.010564
 0.01189509 0.0112241  0.01176179 0.01188489 0.01270208 0.01015856
 0.01094943 0.01124249 0.01137036 0.00976559 0.01201984 0.01081717
 0.01296764 0.01083822 0.01311016 0.01016551 0.01202949 0.00949563
 0.01123976 0.01067954 0.01122899 0.01042845 0.00975583 0.01122308
 0.0123075  0.01096396 0.01109996 0.00936503 0.01175588 0.01095641
 0.01080911 0.0114887  0.01069028 0.01096182 0.01054888 0.01149404
 0.0096209  0.0110881  0.01069615 0.01149455 0.01229458 0.0090806
 0.01256932 0.01282521 0.01150105 0.01082143 0.01215318 0.00921877
 0.0132156  0.01469945 0.01256122 0.01082736 0.01055584 0.01241877
 0.01110151 0.01013978 0.00961876 0.01162256 0.012686   0.0118838
 0.01110049 0.01135692 0.01175103 0.00936458 0.00881663 0.01027525
 0.00773869 0.01001877 0.01270107 0.00988008 0.01148436 0.01108008
 0.01094728 0.00881609 0.00881393 0.00908005 0.01108544 0.01202894
 0.01307845 0.01121768 0.01134404 0.01121772 0.00974567 0.01121285
 0.01108866 0.01135263 0.01029566 0.01134675 0.00988221 0.0110924
 0.00975588 0.01150045 0.01228166 0.01054675 0.01176712 0.01136177
 0.0120306  0.01055913 0.01041722 0.01014513 0.01148006 0.0128252
 0.01134352 0.01001339 0.01295211 0.00934406 0.01429077 0.01028275
 0.01055425 0.01068009 0.00841768 0.01175589 0.01107899 0.01162258
 0.01295531 0.01147845 0.00974837 0.01188487 0.01215477 0.01054566
 0.01228059 0.01203761 0.01254137 0.01068061 0.01027739 0.010943
 0.01148112 0.01108166 0.0112091  0.01121609 0.01202143 0.01228864
 0.01068976 0.0136295  0.00988972 0.01000696 0.01161071 0.01348328
 0.01042144 0.00988008 0.01082573 0.01148382 0.01349082 0.01255746
 0.01268815 0.01109296 0.00987577 0.01094887 0.01135212 0.01120857
 0.00961824 0.01148008 0.01027418 0.01307738 0.01054514 0.01135263
 0.01121771 0.01228169 0.01134244 0.01002689 0.01001662 0.01148221
 0.01295638 0.01175213 0.00960697 0.01228494 0.01121342 0.01040911
 0.01068116 0.0112091  0.01014887 0.012551   0.01121555 0.01134405
 0.01095047 0.01187577 0.00988277 0.01160535]

Process finished with exit code 0

