=== Loading TSP file... ===
Name :  NAME : a280
Comment :  COMMENT : drilling problem (Ludwig)
Type :  TYPE : TSP
Number of cities :  DIMENSION: 280
Distance type :  EDGE_WEIGHT_TYPE : EUC_2D
=== Logarithmic cooling schedule 1 ===
  Simulation n.    Distance terminal
---------------  -------------------
              0              3561.06
              1              3577.21
              2              3772.86
              3              3819.76
              4              3763.13
              5              3509
              6              3619.58
              7              3782.16
              8              3659.16
              9              3526.46
             10              3562.96
             11              3645.18
             12              3569.07
             13              3592.56
             14              3800.32
             15              3568.83
             16              3615.1
             17              3706.78
             18              3594.52
             19              3798.67
             20              3756.23
             21              3893.49
             22              3775.85
             23              3762.19
             24              3737.29
             25              3640.04
             26              3711.69
             27              3794.22
             28              3781.98
             29              3618.82
  Mean minimum path    Sample variance  95pc confidence interval
-------------------  -----------------  ---------------------------------------------------------
            3683.87            10865.2  (3683.872323901574, 3644.949939156785, 3722.794708646363)
Sample mean - acceptance rate
------------------------------------------------------------------
[0.67641493 0.49960596 0.37157939 0.31167314 0.25517497 0.22236844
 0.19833152 0.16457281 0.1534145  0.12907691 0.12389149 0.10574259
 0.09735228 0.09153214 0.0798051  0.07932013 0.06982461 0.0677974
 0.06029942 0.05630913 0.05839488 0.05438052 0.05203826 0.04969239
 0.04416858 0.04487003 0.04565546 0.04253576 0.04056118 0.03729703
 0.03887339 0.03903062 0.03918055 0.03541358 0.03352602 0.03582018
 0.03379291 0.03371607 0.03396351 0.03409261 0.03689359 0.03317174
 0.03133679 0.0257626  0.02977957 0.02811223 0.02642133 0.02612576
 0.02364155 0.02812316 0.02597663 0.02869046 0.02521375 0.0265344
 0.02639125 0.02552835 0.02835047 0.02337575 0.02093604 0.02295084
 0.02258122 0.02288415 0.02449869 0.02258908 0.0222261  0.02158618
 0.02176635 0.02595374 0.02086818 0.02128738 0.02144918 0.02019378
 0.02123871 0.0173731  0.01908673 0.02138638 0.02223375 0.02204967
 0.0220806  0.01775967 0.01773967 0.02244394 0.01634417 0.01865641
 0.01835049 0.0193307  0.01773927 0.01770037 0.01998407 0.0179389
 0.01715316 0.01784872 0.02095592 0.01892293 0.01717536 0.0168628
 0.0170168  0.0150871  0.01766931 0.01939981 0.01697504 0.01833374
 0.01689928 0.01619759 0.01955858 0.01778154 0.01645582 0.01892221
 0.0161674  0.01623191 0.01645166 0.0174079  0.01589162 0.01848857
 0.02008011 0.01550087 0.01641743 0.01479659 0.01658529 0.01438402
 0.01519952 0.01737469 0.01534806 0.0154975  0.01628167 0.01575135
 0.01357834 0.01438385 0.0170787  0.0162791  0.01279506 0.01411992
 0.01706867 0.01627767 0.01600584 0.01722157 0.01656716 0.01776893
 0.017594   0.01427282 0.01331372 0.01264486 0.01652948 0.01518011
 0.01599671 0.0155803  0.0167729  0.01505577 0.01437023 0.01320498
 0.01559397 0.01413661 0.01533505 0.01435725 0.01316772 0.01649488
 0.01341252 0.01396195 0.01624646 0.01529791 0.01463511 0.01342835
 0.01598083 0.01447257 0.01369047 0.01409971 0.01277246 0.01221469
 0.01541464 0.01423468 0.01743566 0.01367637 0.01380873 0.01246464
 0.01394036 0.0143669  0.01394148 0.01273502 0.01448615 0.016615
 0.01422647 0.01246739 0.01192366 0.01758711 0.01410412 0.01761672
 0.01466015 0.01353015 0.01167207 0.01487315 0.01207154 0.01301454
 0.01420972 0.01408089 0.01594512 0.01461796 0.0151652  0.01248243
 0.01472371 0.01406076 0.01433382 0.01247483 0.01422668 0.01299256
 0.01485541 0.01272417 0.01379888 0.01286298 0.01395676 0.01313492
 0.01485316 0.01370247 0.01032207 0.01381521 0.01326995 0.01101365
 0.01392637 0.01433386 0.01299524 0.0150066  0.01258928 0.01271825
 0.01340748 0.0109758  0.01271341 0.01529122 0.01392797 0.0135134
 0.01500187 0.01205388 0.01178934 0.01488179 0.0123134  0.01380819
 0.01325638 0.01097958 0.01260503 0.01113021 0.0115244  0.01354248
 0.01420062 0.0151415  0.01270805 0.01565638 0.0129962  0.01259516
 0.01218222 0.01219415 0.0135048  0.01231987 0.01380119 0.01205012
 0.01526339 0.01338984 0.01029685 0.01350963 0.01245168 0.01379351
 0.01419257 0.0113844  0.01299356 0.01364942 0.01178602 0.01191438
 0.01085154 0.01165725 0.01256662 0.01192152 0.01391502 0.01191294
 0.01285106 0.01417409 0.01551334 0.01229996 0.0147171  0.01431457
 0.01447324 0.01324184 0.01351556 0.01470209 0.01338227 0.01298388
 0.01218439 0.01138236 0.01365372 0.0125618  0.01257893 0.01098874
 0.01309941 0.01418071 0.01339353 0.01271659 0.0112365  0.01135428
 0.01189943 0.01191984 0.01496767 0.01336819 0.01378914 0.01097357
 0.01149134 0.01176764 0.0112381  0.01324562 0.01392087 0.01273675
 0.01578326 0.01257526 0.01136554 0.01365272 0.01123117 0.0151214
 0.01230595 0.0115145  0.01311462 0.01311662 0.01324621 0.0143118
 0.01231666 0.01309835 0.01310855 0.01243325 0.01349081 0.01270376
 0.01149668 0.01203433 0.01363611 0.01270098 0.01229674 0.01123439
 0.01323915 0.01377464 0.01229624 0.01337042 0.01269296 0.01404412
 0.01619194 0.01271495 0.011914   0.01389614 0.01298443 0.01217088
 0.01203435 0.01149453 0.01176822 0.01309348 0.01390312 0.01443438
 0.01362897 0.0132338  0.01123495 0.01377783 0.01189461 0.01417039
 0.01202953 0.01162037 0.01137575 0.01230155 0.01162253 0.01349942
 0.01162094 0.01108385 0.01284994 0.01335801 0.01455694 0.01256335
 0.01122577 0.01256397 0.0105564  0.01121821 0.0107048  0.0108295
 0.00990209 0.01243496 0.01177532 0.01322146 0.01069079 0.01176121
 0.01162197 0.01175692 0.01175531 0.01162899 0.01216289 0.01201072
 0.01322735 0.01282896 0.0125716  0.01068709 0.00922148 0.01270155
 0.01229028 0.01109132 0.01242573 0.01363177 0.01148811 0.01124563
 0.01335316 0.01189024 0.013358   0.01294837 0.00934672 0.01123869
 0.0105634  0.01189999 0.01215    0.01148597 0.01162304 0.01309674
 0.01242037 0.01468867 0.00975533 0.01016559 0.0144311  0.01135264
 0.01188595 0.01042846 0.01242038 0.01280696 0.01202523 0.01162632
 0.01402743 0.01176284 0.01321501 0.0112268  0.01294834 0.01362469
 0.01282144 0.0146972  0.01109456 0.0101521  0.01203277 0.01161928
 0.01376174 0.01095214 0.01310047 0.00961986 0.01228704 0.01121609
 0.01282953 0.01241982 0.01080589 0.01162089 0.01028974 0.01230108
 0.01161499 0.01322843 0.01335636 0.01283113 0.01121395 0.01414566
 0.01268166 0.01041339 0.01535866 0.01349679 0.01175534 0.01108815
 0.01068115 0.01148759 0.01148168 0.01067953 0.01322146 0.01135641
 0.01363056 0.0136209  0.01294565 0.01000964 0.01375208 0.01201289
 0.01175479 0.01308062 0.01268114 0.01188598 0.0132295  0.01281339
 0.01228758 0.01456817 0.0134908  0.01349297 0.01269565 0.01391184
 0.01149026 0.01202035 0.01121768 0.01241717 0.01148061 0.01242305
 0.01082252 0.01310316 0.01094779 0.01351181 0.01349401 0.01374886
 0.01282249 0.01161287 0.01201392 0.01162736 0.01081395 0.01321393
 0.011879   0.01028813]

Process finished with exit code 0

